(4193980,13600)(1036000,13600)00(4193980,13600)(4193980,14300)11
(4193980,13600)(1036000,13600)00(4193980,14300)(1036000,14300)00
(4193980,13600)(1036000,13600)00(1036000,14300)(1036000,13600)10
(4193980,13600)(1036000,13600)00(1036000,13600)(4193980,13600)01
(1036000,13600)(1036000,1000)10(4193980,13600)(4193980,14300)11
(1036000,13600)(1036000,1000)10(4193980,14300)(1036000,14300)00
(1036000,13600)(1036000,1000)10(1036000,14300)(1036000,13600)10
(1036000,13600)(1036000,1000)10(1036000,13600)(4193980,13600)01
(1036000,1000)(4193980,1000)01(4193980,13600)(4193980,14300)11
(1036000,1000)(4193980,1000)01(4193980,14300)(1036000,14300)00
(1036000,1000)(4193980,1000)01(1036000,14300)(1036000,13600)10
(1036000,1000)(4193980,1000)01(1036000,13600)(4193980,13600)01
(4193980,1000)(4193980,13600)11(4193980,13600)(4193980,14300)11
(4193980,1000)(4193980,13600)11(4193980,14300)(1036000,14300)00
(4193980,1000)(4193980,13600)11(1036000,14300)(1036000,13600)10
(4193980,1000)(4193980,13600)11(1036000,13600)(4193980,13600)01
