POLYGON 0
(2223900,2404625)(2106600,2404625)0 0
(2106600,2404625)(2106600,2275325)1 0
(2106600,2275325)(2070300,2275325)0 0
(2070300,2275325)(2070300,2210625)1 0
(2070300,2210625)(2223900,2210625)0 1
(2223900,2210625)(2223900,2404625)1 1
POLYGON 1
(2194900,2339925)(2194900,2275325)1 0
(2194900,2275325)(2161600,2275325)0 0
(2161600,2275325)(2161600,2339925)1 1
(2161600,2339925)(2194900,2339925)0 1
POLYGON 2
(3536500,2275325)(3503200,2275325)0 0
(3503200,2275325)(3503200,2339925)1 1
(3503200,2339925)(3536500,2339925)0 1
(3536500,2339925)(3536500,2275325)1 0
POLYGON 3
(3565500,2210625)(3565500,2404625)1 1
(3565500,2404625)(3411900,2404625)0 0
(3411900,2404625)(3411900,2339925)1 0
(3411900,2339925)(3448200,2339925)0 1
(3448200,2339925)(3448200,2275325)1 0
(3448200,2275325)(3414900,2275325)0 0
(3414900,2275325)(3414900,2309625)1 1
(3414900,2309625)(3385900,2309625)0 0
(3385900,2309625)(3385900,2210625)1 0
(3385900,2210625)(3565500,2210625)0 1
POLYGON 4
(3362700,3417000)(3362700,3223000)1 0
(3362700,3223000)(3542300,3223000)0 1
(3542300,3223000)(3542300,3417000)1 1
(3542300,3417000)(3362700,3417000)0 0
POLYGON 5
(3480000,3352300)(3513300,3352300)0 1
(3513300,3352300)(3513300,3287700)1 0
(3513300,3287700)(3480000,3287700)0 0
(3480000,3287700)(3480000,3352300)1 1
POLYGON 6
(2079400,3322000)(2053400,3322000)0 0
(2053400,3322000)(2053400,3223000)1 0
(2053400,3223000)(2170700,3223000)0 1
(2170700,3223000)(2170700,3417000)1 1
(2170700,3417000)(2079400,3417000)0 0
(2079400,3417000)(2079400,3322000)1 0
POLYGON 7
(315900,1470000)(315900,1534700)1 1
(315900,1534700)(279600,1534700)0 0
(279600,1534700)(279600,1599300)1 1
(279600,1599300)(315900,1599300)0 1
(315900,1599300)(315900,1664000)1 1
(315900,1664000)(162300,1664000)0 0
(162300,1664000)(162300,1470000)1 0
(162300,1470000)(315900,1470000)0 1
POLYGON 8
(224600,1534700)(191300,1534700)0 0
(191300,1534700)(191300,1599300)1 1
(191300,1599300)(224600,1599300)0 1
(224600,1599300)(224600,1534700)1 0
POLYGON 9
(1930200,1026470)(1896900,1026470)0 0
(1896900,1026470)(1896900,1091070)1 1
(1896900,1091070)(1930200,1091070)0 1
(1930200,1091070)(1930200,1026470)1 0
POLYGON 10
(2047500,961770)(2047500,1155770)1 1
(2047500,1155770)(1867900,1155770)0 0
(1867900,1155770)(1867900,961770)1 0
(1867900,961770)(2047500,961770)0 1
POLYGON 11
(1367600,2747115)(1334300,2747115)0 0
(1334300,2747115)(1334300,2811715)1 1
(1334300,2811715)(1367600,2811715)0 1
(1367600,2811715)(1367600,2747115)1 0
POLYGON 12
(1458900,2682415)(1458900,2747115)1 1
(1458900,2747115)(1422600,2747115)0 0
(1422600,2747115)(1422600,2811715)1 1
(1422600,2811715)(1455900,2811715)0 1
(1455900,2811715)(1455900,2777415)1 0
(1455900,2777415)(1484900,2777415)0 1
(1484900,2777415)(1484900,2876415)1 1
(1484900,2876415)(1305300,2876415)0 0
(1305300,2876415)(1305300,2682415)1 0
(1305300,2682415)(1458900,2682415)0 1
POLYGON 13
(1791500,2811715)(1827800,2811715)0 1
(1827800,2811715)(1827800,2876415)1 1
(1827800,2876415)(1762500,2876415)0 0
(1762500,2876415)(1762500,2682415)1 0
(1762500,2682415)(1827800,2682415)0 1
(1827800,2682415)(1827800,2747115)1 1
(1827800,2747115)(1791500,2747115)0 0
(1791500,2747115)(1791500,2811715)1 1
POLYGON 14
(2676900,3417000)(2676900,3223000)1 0
(2676900,3223000)(2794200,3223000)0 1
(2794200,3223000)(2794200,3352300)1 1
(2794200,3352300)(2827500,3352300)0 1
(2827500,3352300)(2827500,3223000)1 0
(2827500,3223000)(2856500,3223000)0 1
(2856500,3223000)(2856500,3417000)1 1
(2856500,3417000)(2676900,3417000)0 0
POLYGON 15
(2739200,3352300)(2739200,3287700)1 0
(2739200,3287700)(2705900,3287700)0 0
(2705900,3287700)(2705900,3352300)1 1
(2705900,3352300)(2739200,3352300)0 1
POLYGON 16
(59300,3287700)(26000,3287700)0 0
(26000,3287700)(26000,3352300)1 1
(26000,3352300)(59300,3352300)0 1
(59300,3352300)(59300,3287700)1 0
POLYGON 17
(1801000,348150)(1801000,447950)1 1
(1801000,447950)(1737000,447950)0 0
(1737000,447950)(1737000,348150)1 0
(1737000,348150)(1801000,348150)0 1
POLYGON 18
(448200,1534700)(411900,1534700)0 0
(411900,1534700)(411900,1470000)1 0
(411900,1470000)(477200,1470000)0 1
(477200,1470000)(477200,1565000)1 1
(477200,1565000)(503200,1565000)0 1
(503200,1565000)(503200,1599300)1 1
(503200,1599300)(536500,1599300)0 1
(536500,1599300)(536500,1534700)1 0
(536500,1534700)(500200,1534700)0 0
(500200,1534700)(500200,1470000)1 0
(500200,1470000)(565500,1470000)0 1
(565500,1470000)(565500,1664000)1 1
(565500,1664000)(385900,1664000)0 0
(385900,1664000)(385900,1565000)1 0
(385900,1565000)(414900,1565000)0 1
(414900,1565000)(414900,1599300)1 1
(414900,1599300)(448200,1599300)0 1
(448200,1599300)(448200,1534700)1 0
POLYGON 19
(2938700,2404625)(2938700,2210625)1 0
(2938700,2210625)(3118300,2210625)0 1
(3118300,2210625)(3118300,2404625)1 1
(3118300,2404625)(2938700,2404625)0 0
POLYGON 20
(2967700,2339925)(3001000,2339925)0 1
(3001000,2339925)(3001000,2275325)1 0
(3001000,2275325)(2967700,2275325)0 0
(2967700,2275325)(2967700,2339925)1 1
POLYGON 21
(4198000,3417000)(4106700,3417000)0 0
(4106700,3417000)(4106700,1599000)1 0
(4106700,1599000)(4135700,1599000)0 1
(4135700,1599000)(4135700,1633300)1 1
(4135700,1633300)(4169000,1633300)0 1
(4169000,1633300)(4169000,1568700)1 0
(4169000,1568700)(4132700,1568700)0 0
(4132700,1568700)(4132700,1442300)1 0
(4132700,1442300)(4169000,1442300)0 1
(4169000,1442300)(4169000,1377700)1 0
(4169000,1377700)(4132700,1377700)0 0
(4132700,1377700)(4132700,1316000)1 0
(4132700,1316000)(4106700,1316000)0 0
(4106700,1316000)(4106700,1122000)1 0
(4106700,1122000)(4198000,1122000)0 1
(4198000,1122000)(4198000,2176000)1 1
(4198000,2176000)(4169000,2176000)0 0
(4169000,2176000)(4169000,2141700)1 0
(4169000,2141700)(4135700,2141700)0 0
(4135700,2141700)(4135700,2206300)1 1
(4135700,2206300)(4172000,2206300)0 1
(4172000,2206300)(4172000,2268000)1 1
(4172000,2268000)(4198000,2268000)0 1
(4198000,2268000)(4198000,3417000)1 1
POLYGON 22
(4169000,3226000)(4135700,3226000)0 0
(4135700,3226000)(4135700,3352300)1 1
(4135700,3352300)(4169000,3352300)0 1
(4169000,3352300)(4169000,3226000)1 0
POLYGON 23
(955300,2339925)(991600,2339925)0 1
(991600,2339925)(991600,2404625)1 1
(991600,2404625)(926300,2404625)0 0
(926300,2404625)(926300,2210625)1 0
(926300,2210625)(1017600,2210625)0 1
(1017600,2210625)(1017600,2309625)1 1
(1017600,2309625)(988600,2309625)0 0
(988600,2309625)(988600,2275325)1 0
(988600,2275325)(955300,2275325)0 0
(955300,2275325)(955300,2339925)1 1
POLYGON 24
(3169000,149390)(3169000,49590)1 0
(3169000,49590)(3232000,49590)0 1
(3232000,49590)(3232000,149390)1 1
(3232000,149390)(3169000,149390)0 0
POLYGON 25
(2865700,2275325)(2829400,2275325)0 0
(2829400,2275325)(2829400,2210625)1 0
(2829400,2210625)(2894700,2210625)0 1
(2894700,2210625)(2894700,2404625)1 1
(2894700,2404625)(2715100,2404625)0 0
(2715100,2404625)(2715100,2210625)1 0
(2715100,2210625)(2806400,2210625)0 1
(2806400,2210625)(2806400,2305625)1 1
(2806400,2305625)(2832400,2305625)0 1
(2832400,2305625)(2832400,2339925)1 1
(2832400,2339925)(2865700,2339925)0 1
(2865700,2339925)(2865700,2275325)1 0
POLYGON 26
(2627900,3223000)(2627900,3417000)1 1
(2627900,3417000)(2448300,3417000)0 0
(2448300,3417000)(2448300,3223000)1 0
(2448300,3223000)(2627900,3223000)0 1
POLYGON 27
(2598900,3287700)(2565600,3287700)0 0
(2565600,3287700)(2565600,3352300)1 1
(2565600,3352300)(2598900,3352300)0 1
(2598900,3352300)(2598900,3287700)1 0
POLYGON 28
(2905500,3417000)(2905500,3318000)1 0
(2905500,3318000)(2934500,3318000)0 1
(2934500,3318000)(2934500,3352300)1 1
(2934500,3352300)(2967800,3352300)0 1
(2967800,3352300)(2967800,3287700)1 0
(2967800,3287700)(2931500,3287700)0 0
(2931500,3287700)(2931500,3223000)1 0
(2931500,3223000)(2996800,3223000)0 1
(2996800,3223000)(2996800,3318000)1 1
(2996800,3318000)(3022800,3318000)0 1
(3022800,3318000)(3022800,3352300)1 1
(3022800,3352300)(3056100,3352300)0 1
(3056100,3352300)(3056100,3287700)1 0
(3056100,3287700)(3019800,3287700)0 0
(3019800,3287700)(3019800,3223000)1 0
(3019800,3223000)(3085100,3223000)0 1
(3085100,3223000)(3085100,3417000)1 1
(3085100,3417000)(2905500,3417000)0 0
POLYGON 29
(479100,2404625)(479100,2210625)1 0
(479100,2210625)(658700,2210625)0 1
(658700,2210625)(658700,2404625)1 1
(658700,2404625)(479100,2404625)0 0
POLYGON 30
(596400,2339925)(629700,2339925)0 1
(629700,2339925)(629700,2275325)1 0
(629700,2275325)(596400,2275325)0 0
(596400,2275325)(596400,2339925)1 1
POLYGON 31
(2744100,2339925)(2777400,2339925)0 1
(2777400,2339925)(2777400,2275325)1 0
(2777400,2275325)(2744100,2275325)0 0
(2744100,2275325)(2744100,2339925)1 1
POLYGON 32
(2219700,2682415)(2399300,2682415)0 1
(2399300,2682415)(2399300,2876415)1 1
(2399300,2876415)(2219700,2876415)0 0
(2219700,2876415)(2219700,2682415)1 0
POLYGON 33
(2248700,2747115)(2248700,2811715)1 1
(2248700,2811715)(2282000,2811715)0 1
(2282000,2811715)(2282000,2747115)1 0
(2282000,2747115)(2248700,2747115)0 0
POLYGON 34
(950400,1664000)(833100,1664000)0 0
(833100,1664000)(833100,1470000)1 0
(833100,1470000)(862100,1470000)0 1
(862100,1470000)(862100,1599300)1 1
(862100,1599300)(895400,1599300)0 1
(895400,1599300)(895400,1470000)1 0
(895400,1470000)(1012700,1470000)0 1
(1012700,1470000)(1012700,1664000)1 1
(1012700,1664000)(983700,1664000)0 0
(983700,1664000)(983700,1534700)1 0
(983700,1534700)(950400,1534700)0 0
(950400,1534700)(950400,1664000)1 1
POLYGON 35
(59300,3096700)(26000,3096700)0 0
(26000,3096700)(26000,3161300)1 1
(26000,3161300)(59300,3161300)0 1
(59300,3161300)(59300,3096700)1 0
POLYGON 36
(3209500,1155770)(3209500,961770)1 0
(3209500,961770)(3389100,961770)0 1
(3389100,961770)(3389100,1155770)1 1
(3389100,1155770)(3209500,1155770)0 0
POLYGON 37
(3326800,1091070)(3360100,1091070)0 1
(3360100,1091070)(3360100,1026470)1 0
(3360100,1026470)(3326800,1026470)0 0
(3326800,1026470)(3326800,1091070)1 1
POLYGON 38
(-3000,2459000)(88300,2459000)0 1
(88300,2459000)(88300,2940000)1 1
(88300,2940000)(59300,2940000)0 0
(59300,2940000)(59300,2844000)1 0
(59300,2844000)(26000,2844000)0 0
(26000,2844000)(26000,2970300)1 1
(26000,2970300)(62300,2970300)0 1
(62300,2970300)(62300,3032000)1 1
(62300,3032000)(62300,3032000)1 0
(62300,3032000)(88300,3032000)0 1
(88300,3032000)(88300,3417000)1 1
(88300,3417000)(-3000,3417000)0 0
(-3000,3417000)(-3000,2459000)1 0
POLYGON 39
(59300,2588300)(59300,2523700)1 0
(59300,2523700)(26000,2523700)0 0
(26000,2523700)(26000,2588300)1 1
(26000,2588300)(59300,2588300)0 1
POLYGON 40
(4169000,1950700)(4135700,1950700)0 0
(4135700,1950700)(4135700,2015300)1 1
(4135700,2015300)(4169000,2015300)0 1
(4169000,2015300)(4169000,1950700)1 0
POLYGON 41
(2223900,1572315)(2223900,1766315)1 1
(2223900,1766315)(2044300,1766315)0 0
(2044300,1766315)(2044300,1572315)1 0
(2044300,1572315)(2223900,1572315)0 1
POLYGON 42
(2161600,1637015)(2161600,1701615)1 1
(2161600,1701615)(2194900,1701615)0 1
(2194900,1701615)(2194900,1637015)1 0
(2194900,1637015)(2161600,1637015)0 0
POLYGON 43
(1942100,3417000)(1762500,3417000)0 0
(1762500,3417000)(1762500,3223000)1 0
(1762500,3223000)(1942100,3223000)0 1
(1942100,3223000)(1942100,3417000)1 1
POLYGON 44
(1913100,3352300)(1913100,3287700)1 0
(1913100,3287700)(1879800,3287700)0 0
(1879800,3287700)(1879800,3352300)1 1
(1879800,3352300)(1913100,3352300)0 1
POLYGON 45
(1776700,2210625)(1776700,2404625)1 1
(1776700,2404625)(1659400,2404625)0 0
(1659400,2404625)(1659400,2275325)1 0
(1659400,2275325)(1626100,2275325)0 0
(1626100,2275325)(1626100,2309625)1 1
(1626100,2309625)(1597100,2309625)0 0
(1597100,2309625)(1597100,2210625)1 0
(1597100,2210625)(1776700,2210625)0 1
POLYGON 46
(1714400,2275325)(1714400,2339925)1 1
(1714400,2339925)(1747700,2339925)0 1
(1747700,2339925)(1747700,2275325)1 0
(1747700,2275325)(1714400,2275325)0 0
POLYGON 47
(3279600,2210625)(3279600,2404625)1 1
(3279600,2404625)(3162300,2404625)0 0
(3162300,2404625)(3162300,2210625)1 0
(3162300,2210625)(3279600,2210625)0 1
POLYGON 48
(3224600,2275325)(3191300,2275325)0 0
(3191300,2275325)(3191300,2339925)1 1
(3191300,2339925)(3224600,2339925)0 1
(3224600,2339925)(3224600,2275325)1 0
POLYGON 49
(541400,2339925)(541400,2275325)1 0
(541400,2275325)(508100,2275325)0 0
(508100,2275325)(508100,2339925)1 1
(508100,2339925)(541400,2339925)0 1
POLYGON 50
(4169000,2714700)(4135700,2714700)0 0
(4135700,2714700)(4135700,2779300)1 1
(4135700,2779300)(4169000,2779300)0 1
(4169000,2779300)(4169000,2714700)1 0
POLYGON 51
(1076700,3417000)(1076700,3223000)1 0
(1076700,3223000)(1256300,3223000)0 1
(1256300,3223000)(1256300,3417000)1 1
(1256300,3417000)(1227300,3417000)0 0
(1227300,3417000)(1227300,3287700)1 0
(1227300,3287700)(1194000,3287700)0 0
(1194000,3287700)(1194000,3417000)1 1
(1194000,3417000)(1076700,3417000)0 0
POLYGON 52
(1105700,3352300)(1139000,3352300)0 1
(1139000,3352300)(1139000,3287700)1 0
(1139000,3287700)(1105700,3287700)0 0
(1105700,3287700)(1105700,3352300)1 1
POLYGON 53
(1846700,2404625)(1846700,2339925)1 0
(1846700,2339925)(1883000,2339925)0 1
(1883000,2339925)(1883000,2210625)1 0
(1883000,2210625)(2000300,2210625)0 1
(2000300,2210625)(2000300,2404625)1 1
(2000300,2404625)(1846700,2404625)0 0
POLYGON 54
(2765200,2781415)(2739200,2781415)0 0
(2739200,2781415)(2739200,2747115)1 0
(2739200,2747115)(2705900,2747115)0 0
(2705900,2747115)(2705900,2811715)1 1
(2705900,2811715)(2742200,2811715)0 1
(2742200,2811715)(2742200,2876415)1 1
(2742200,2876415)(2676900,2876415)0 0
(2676900,2876415)(2676900,2682415)1 0
(2676900,2682415)(2856500,2682415)0 1
(2856500,2682415)(2856500,2876415)1 1
(2856500,2876415)(2827500,2876415)0 0
(2827500,2876415)(2827500,2747115)1 0
(2827500,2747115)(2794200,2747115)0 0
(2794200,2747115)(2794200,2876415)1 1
(2794200,2876415)(2765200,2876415)0 0
(2765200,2876415)(2765200,2781415)1 0
POLYGON 55
(3653600,3287700)(3620300,3287700)0 0
(3620300,3287700)(3620300,3352300)1 1
(3620300,3352300)(3653600,3352300)0 1
(3653600,3352300)(3653600,3287700)1 0
POLYGON 56
(3708600,3223000)(3708600,3352300)1 1
(3708600,3352300)(3741900,3352300)0 1
(3741900,3352300)(3741900,3223000)1 0
(3741900,3223000)(3770900,3223000)0 1
(3770900,3223000)(3770900,3417000)1 1
(3770900,3417000)(3591300,3417000)0 0
(3591300,3417000)(3591300,3223000)1 0
(3591300,3223000)(3708600,3223000)0 1
POLYGON 57
(1794900,1026470)(1758600,1026470)0 0
(1758600,1026470)(1758600,961770)1 0
(1758600,961770)(1823900,961770)0 1
(1823900,961770)(1823900,1155770)1 1
(1823900,1155770)(1644300,1155770)0 0
(1644300,1155770)(1644300,1056770)1 0
(1644300,1056770)(1673300,1056770)0 1
(1673300,1056770)(1673300,1091070)1 1
(1673300,1091070)(1706600,1091070)0 1
(1706600,1091070)(1706600,961770)1 0
(1706600,961770)(1735600,961770)0 1
(1735600,961770)(1735600,1056770)1 1
(1735600,1056770)(1761600,1056770)0 1
(1761600,1056770)(1761600,1091070)1 1
(1761600,1091070)(1794900,1091070)0 1
(1794900,1091070)(1794900,1026470)1 0
POLYGON 58
(3056000,2275325)(3056000,2339925)1 1
(3056000,2339925)(3089300,2339925)0 1
(3089300,2339925)(3089300,2275325)1 0
(3089300,2275325)(3056000,2275325)0 0
POLYGON 59
(2771000,149390)(2771000,49590)1 0
(2771000,49590)(2834000,49590)0 1
(2834000,49590)(2834000,149390)1 1
(2834000,149390)(2771000,149390)0 0
POLYGON 60
(312900,3287700)(279600,3287700)0 0
(279600,3287700)(279600,3352300)1 1
(279600,3352300)(312900,3352300)0 1
(312900,3352300)(312900,3287700)1 0
POLYGON 61
(341900,3223000)(341900,3417000)1 1
(341900,3417000)(162300,3417000)0 0
(162300,3417000)(162300,3223000)1 0
(162300,3223000)(341900,3223000)0 1
POLYGON 62
(799100,3223000)(799100,3417000)1 1
(799100,3417000)(619500,3417000)0 0
(619500,3417000)(619500,3223000)1 0
(619500,3223000)(799100,3223000)0 1
POLYGON 63
(681800,3287700)(648500,3287700)0 0
(648500,3287700)(648500,3352300)1 1
(648500,3352300)(681800,3352300)0 1
(681800,3352300)(681800,3287700)1 0
POLYGON 64
(2141700,3287700)(2108400,3287700)0 0
(2108400,3287700)(2108400,3352300)1 1
(2108400,3352300)(2141700,3352300)0 1
(2141700,3352300)(2141700,3287700)1 0
POLYGON 65
(1076900,2210625)(1105900,2210625)0 1
(1105900,2210625)(1105900,2404625)1 1
(1105900,2404625)(1076900,2404625)0 0
(1076900,2404625)(1076900,2210625)1 0
POLYGON 66
(2091500,1155770)(2091500,961770)1 0
(2091500,961770)(2156800,961770)0 1
(2156800,961770)(2156800,1026470)1 1
(2156800,1026470)(2120500,1026470)0 0
(2120500,1026470)(2120500,1091070)1 1
(2120500,1091070)(2153800,1091070)0 1
(2153800,1091070)(2153800,1056770)1 0
(2153800,1056770)(2179800,1056770)0 1
(2179800,1056770)(2179800,961770)1 0
(2179800,961770)(2271100,961770)0 1
(2271100,961770)(2271100,1155770)1 1
(2271100,1155770)(2091500,1155770)0 0
POLYGON 67
(731700,2339925)(765000,2339925)0 1
(765000,2339925)(765000,2275325)1 0
(765000,2275325)(731700,2275325)0 0
(731700,2275325)(731700,2339925)1 1
POLYGON 68
(702700,2404625)(702700,2210625)1 0
(702700,2210625)(882300,2210625)0 1
(882300,2210625)(882300,2404625)1 1
(882300,2404625)(702700,2404625)0 0
POLYGON 69
(2718300,961770)(2718300,1155770)1 1
(2718300,1155770)(2689300,1155770)0 0
(2689300,1155770)(2689300,1026470)1 0
(2689300,1026470)(2656000,1026470)0 0
(2656000,1026470)(2656000,1060770)1 1
(2656000,1060770)(2630000,1060770)0 0
(2630000,1060770)(2630000,1155770)1 1
(2630000,1155770)(2538700,1155770)0 0
(2538700,1155770)(2538700,961770)1 0
(2538700,961770)(2718300,961770)0 1
POLYGON 70
(3609500,2404625)(3609500,2210625)1 0
(3609500,2210625)(3700800,2210625)0 1
(3700800,2210625)(3700800,2305625)1 1
(3700800,2305625)(3726800,2305625)0 1
(3726800,2305625)(3726800,2339925)1 1
(3726800,2339925)(3760100,2339925)0 1
(3760100,2339925)(3760100,2210625)1 0
(3760100,2210625)(3789100,2210625)0 1
(3789100,2210625)(3789100,2404625)1 1
(3789100,2404625)(3609500,2404625)0 0
POLYGON 71
(3638500,2339925)(3671800,2339925)0 1
(3671800,2339925)(3671800,2275325)1 0
(3671800,2275325)(3638500,2275325)0 0
(3638500,2275325)(3638500,2339925)1 1
POLYGON 72
(638500,1599300)(671800,1599300)0 1
(671800,1599300)(671800,1470000)1 0
(671800,1470000)(789100,1470000)0 1
(789100,1470000)(789100,1664000)1 1
(789100,1664000)(609500,1664000)0 0
(609500,1664000)(609500,1470000)1 0
(609500,1470000)(638500,1470000)0 1
(638500,1470000)(638500,1599300)1 1
POLYGON 73
(3313700,3223000)(3313700,3417000)1 1
(3313700,3417000)(3284700,3417000)0 0
(3284700,3417000)(3284700,3287700)1 0
(3284700,3287700)(3251400,3287700)0 0
(3251400,3287700)(3251400,3417000)1 1
(3251400,3417000)(3134100,3417000)0 0
(3134100,3417000)(3134100,3223000)1 0
(3134100,3223000)(3313700,3223000)0 1
POLYGON 74
(3196400,3287700)(3163100,3287700)0 0
(3163100,3287700)(3163100,3352300)1 1
(3163100,3352300)(3196400,3352300)0 1
(3196400,3352300)(3196400,3287700)1 0
POLYGON 75
(1033000,193950)(1097000,193950)0 1
(1097000,193950)(1097000,880550)1 1
(1097000,880550)(1066000,880550)0 0
(1066000,880550)(1066000,976350)1 1
(1066000,976350)(1097000,976350)0 1
(1097000,976350)(1097000,1076150)1 1
(1097000,1076150)(1033000,1076150)0 0
(1033000,1076150)(1033000,193950)1 0
POLYGON 76
(3165500,961770)(3165500,1155770)1 1
(3165500,1155770)(2985900,1155770)0 0
(2985900,1155770)(2985900,961770)1 0
(2985900,961770)(3165500,961770)0 1
POLYGON 77
(3136500,1026470)(3103200,1026470)0 0
(3103200,1026470)(3103200,1091070)1 1
(3103200,1091070)(3136500,1091070)0 1
(3136500,1091070)(3136500,1026470)1 0
POLYGON 78
(4012700,2210625)(4012700,2404625)1 1
(4012700,2404625)(3921400,2404625)0 0
(3921400,2404625)(3921400,2210625)1 0
(3921400,2210625)(4012700,2210625)0 1
POLYGON 79
(3983700,2275325)(3950400,2275325)0 0
(3950400,2275325)(3950400,2339925)1 1
(3950400,2339925)(3983700,2339925)0 1
(3983700,2339925)(3983700,2275325)1 0
POLYGON 80
(26000,1981300)(59300,1981300)0 1
(59300,1981300)(59300,1916700)1 0
(59300,1916700)(26000,1916700)0 0
(26000,1916700)(26000,1981300)1 1
POLYGON 81
(4169000,1759700)(4135700,1759700)0 0
(4135700,1759700)(4135700,1824300)1 1
(4135700,1824300)(4169000,1824300)0 1
(4169000,1824300)(4169000,1759700)1 0
POLYGON 82
(1149900,2210625)(1267200,2210625)0 1
(1267200,2210625)(1267200,2339925)1 1
(1267200,2339925)(1300500,2339925)0 1
(1300500,2339925)(1300500,2305625)1 0
(1300500,2305625)(1329500,2305625)0 1
(1329500,2305625)(1329500,2404625)1 1
(1329500,2404625)(1149900,2404625)0 0
(1149900,2404625)(1149900,2210625)1 0
POLYGON 83
(1178900,2275325)(1178900,2339925)1 1
(1178900,2339925)(1212200,2339925)0 1
(1212200,2339925)(1212200,2275325)1 0
(1212200,2275325)(1178900,2275325)0 0
POLYGON 84
(3848900,3352300)(3882200,3352300)0 1
(3882200,3352300)(3882200,3287700)1 0
(3882200,3287700)(3848900,3287700)0 0
(3848900,3287700)(3848900,3352300)1 1
POLYGON 85
(3819900,3417000)(3819900,3223000)1 0
(3819900,3223000)(3911200,3223000)0 1
(3911200,3223000)(3911200,3417000)1 1
(3911200,3417000)(3819900,3417000)0 0
POLYGON 86
(2375000,149390)(2375000,49590)1 0
(2375000,49590)(2438000,49590)0 1
(2438000,49590)(2438000,149390)1 1
(2438000,149390)(2375000,149390)0 0
POLYGON 87
(2791300,1091070)(2824600,1091070)0 1
(2824600,1091070)(2824600,1026470)1 0
(2824600,1026470)(2791300,1026470)0 0
(2791300,1026470)(2791300,1091070)1 1
POLYGON 88
(2762300,1155770)(2762300,961770)1 0
(2762300,961770)(2941900,961770)0 1
(2941900,961770)(2941900,1155770)1 1
(2941900,1155770)(2912900,1155770)0 0
(2912900,1155770)(2912900,1026470)1 0
(2912900,1026470)(2879600,1026470)0 0
(2879600,1026470)(2879600,1155770)1 1
(2879600,1155770)(2762300,1155770)0 0
POLYGON 89
(3089300,1701615)(3089300,1637015)1 0
(3089300,1637015)(3053000,1637015)0 0
(3053000,1637015)(3053000,1572315)1 0
(3053000,1572315)(3118300,1572315)0 1
(3118300,1572315)(3118300,1766315)1 1
(3118300,1766315)(3053000,1766315)0 0
(3053000,1766315)(3053000,1701615)1 0
(3053000,1701615)(3089300,1701615)0 1
POLYGON 90
(1942100,2682415)(1942100,2876415)1 1
(1942100,2876415)(1850800,2876415)0 0
(1850800,2876415)(1850800,2682415)1 0
(1850800,2682415)(1942100,2682415)0 1
POLYGON 91
(1913100,2747115)(1879800,2747115)0 0
(1879800,2747115)(1879800,2811715)1 1
(1879800,2811715)(1913100,2811715)0 1
(1913100,2811715)(1913100,2747115)1 0
POLYGON 92
(224600,3287700)(191300,3287700)0 0
(191300,3287700)(191300,3352300)1 1
(191300,3352300)(224600,3352300)0 1
(224600,3352300)(224600,3287700)1 0
POLYGON 93
(2377400,1091070)(2377400,1026470)1 0
(2377400,1026470)(2344100,1026470)0 0
(2344100,1026470)(2344100,1091070)1 1
(2344100,1091070)(2377400,1091070)0 1
POLYGON 94
(2406400,1155770)(2315100,1155770)0 0
(2315100,1155770)(2315100,961770)1 0
(2315100,961770)(2406400,961770)0 1
(2406400,961770)(2406400,1155770)1 1
POLYGON 95
(453200,3287700)(419900,3287700)0 0
(419900,3287700)(419900,3352300)1 1
(419900,3352300)(453200,3352300)0 1
(453200,3352300)(453200,3287700)1 0
POLYGON 96
(570500,3223000)(570500,3417000)1 1
(570500,3417000)(541500,3417000)0 0
(541500,3417000)(541500,3287700)1 0
(541500,3287700)(508200,3287700)0 0
(508200,3287700)(508200,3417000)1 1
(508200,3417000)(390900,3417000)0 0
(390900,3417000)(390900,3223000)1 0
(390900,3223000)(570500,3223000)0 1
POLYGON 97
(2520500,1637015)(2520500,1701615)1 1
(2520500,1701615)(2553800,1701615)0 1
(2553800,1701615)(2553800,1637015)1 0
(2553800,1637015)(2520500,1637015)0 0
POLYGON 98
(2491500,1572315)(2582800,1572315)0 1
(2582800,1572315)(2582800,1667315)1 1
(2582800,1667315)(2608800,1667315)0 1
(2608800,1667315)(2608800,1701615)1 1
(2608800,1701615)(2642100,1701615)0 1
(2642100,1701615)(2642100,1637015)1 0
(2642100,1637015)(2605800,1637015)0 0
(2605800,1637015)(2605800,1572315)1 0
(2605800,1572315)(2671100,1572315)0 1
(2671100,1572315)(2671100,1766315)1 1
(2671100,1766315)(2491500,1766315)0 0
(2491500,1766315)(2491500,1572315)1 0
POLYGON 99
(2106600,1637015)(2073300,1637015)0 0
(2073300,1637015)(2073300,1701615)1 1
(2073300,1701615)(2106600,1701615)0 1
(2106600,1701615)(2106600,1637015)1 0
POLYGON 100
(4135700,1313000)(4169000,1313000)0 1
(4169000,1313000)(4169000,1186700)1 0
(4169000,1186700)(4135700,1186700)0 0
(4135700,1186700)(4135700,1313000)1 1
POLYGON 101
(1334300,3352300)(1367600,3352300)0 1
(1367600,3352300)(1367600,3287700)1 0
(1367600,3287700)(1334300,3287700)0 0
(1334300,3287700)(1334300,3352300)1 1
POLYGON 102
(1305300,3417000)(1305300,3223000)1 0
(1305300,3223000)(1484900,3223000)0 1
(1484900,3223000)(1484900,3417000)1 1
(1484900,3417000)(1305300,3417000)0 0
POLYGON 103
(59300,2234000)(59300,2107700)1 0
(59300,2107700)(23000,2107700)0 0
(23000,2107700)(23000,2046000)1 0
(23000,2046000)(23000,2046000)1 0
(23000,2046000)(-3000,2046000)0 0
(-3000,2046000)(-3000,1565000)1 0
(-3000,1565000)(26000,1565000)0 1
(26000,1565000)(26000,1599300)1 1
(26000,1599300)(59300,1599300)0 1
(59300,1599300)(59300,1534700)1 0
(59300,1534700)(23000,1534700)0 0
(23000,1534700)(23000,1470000)1 0
(23000,1470000)(88300,1470000)0 1
(88300,1470000)(88300,1664000)1 1
(88300,1664000)(26000,1664000)0 0
(26000,1664000)(26000,1790300)1 1
(26000,1790300)(62300,1790300)0 1
(62300,1790300)(62300,1852000)1 1
(62300,1852000)(88300,1852000)0 1
(88300,1852000)(88300,2428000)1 1
(88300,2428000)(-3000,2428000)0 0
(-3000,2428000)(-3000,2138000)1 0
(-3000,2138000)(26000,2138000)0 1
(26000,2138000)(26000,2234000)1 1
(26000,2234000)(59300,2234000)0 1
POLYGON 104
(736800,3352300)(770100,3352300)0 1
(770100,3352300)(770100,3287700)1 0
(770100,3287700)(736800,3287700)0 0
(736800,3287700)(736800,3352300)1 1
POLYGON 105
(59300,2779300)(59300,2653000)1 0
(59300,2653000)(59300,2653000)1 0
(59300,2653000)(26000,2653000)0 0
(26000,2653000)(26000,2779300)1 1
(26000,2779300)(59300,2779300)0 1
POLYGON 106
(2870000,149390)(2870000,49590)1 0
(2870000,49590)(2933000,49590)0 1
(2933000,49590)(2933000,149390)1 1
(2933000,149390)(2870000,149390)0 0
POLYGON 107
(2242100,1026470)(2208800,1026470)0 0
(2208800,1026470)(2208800,1091070)1 1
(2208800,1091070)(2242100,1091070)0 1
(2242100,1091070)(2242100,1026470)1 0
POLYGON 108
(2066000,147950)(2066000,48150)1 0
(2066000,48150)(2130000,48150)0 1
(2130000,48150)(2130000,147950)1 1
(2130000,147950)(2066000,147950)0 0
POLYGON 109
(3014900,1026470)(3014900,1091070)1 1
(3014900,1091070)(3048200,1091070)0 1
(3048200,1091070)(3048200,1026470)1 0
(3048200,1026470)(3014900,1026470)0 0
POLYGON 110
(4135700,3032000)(4169000,3032000)0 1
(4169000,3032000)(4169000,2905700)1 0
(4169000,2905700)(4135700,2905700)0 0
(4135700,2905700)(4135700,3032000)1 1
POLYGON 111
(3271800,1091070)(3271800,1026470)1 0
(3271800,1026470)(3238500,1026470)0 0
(3238500,1026470)(3238500,1091070)1 1
(3238500,1091070)(3271800,1091070)0 1
POLYGON 112
(1938000,2339925)(1971300,2339925)0 1
(1971300,2339925)(1971300,2275325)1 0
(1971300,2275325)(1938000,2275325)0 0
(1938000,2275325)(1938000,2339925)1 1
POLYGON 113
(1027700,3223000)(1027700,3322000)1 1
(1027700,3322000)(998700,3322000)0 0
(998700,3322000)(998700,3287700)1 0
(998700,3287700)(965400,3287700)0 0
(965400,3287700)(965400,3352300)1 1
(965400,3352300)(1001700,3352300)0 1
(1001700,3352300)(1001700,3417000)1 1
(1001700,3417000)(848100,3417000)0 0
(848100,3417000)(848100,3223000)1 0
(848100,3223000)(1027700,3223000)0 1
POLYGON 114
(1713500,3417000)(1559900,3417000)0 0
(1559900,3417000)(1559900,3352300)1 0
(1559900,3352300)(1596200,3352300)0 1
(1596200,3352300)(1596200,3287700)1 0
(1596200,3287700)(1562900,3287700)0 0
(1562900,3287700)(1562900,3322000)1 1
(1562900,3322000)(1533900,3322000)0 0
(1533900,3322000)(1533900,3223000)1 0
(1533900,3223000)(1713500,3223000)0 1
(1713500,3223000)(1713500,3417000)1 1
POLYGON 115
(1684500,3352300)(1684500,3287700)1 0
(1684500,3287700)(1651200,3287700)0 0
(1651200,3287700)(1651200,3352300)1 1
(1651200,3352300)(1684500,3352300)0 1
POLYGON 116
(2020100,3352300)(2056400,3352300)0 1
(2056400,3352300)(2056400,3417000)1 1
(2056400,3417000)(1991100,3417000)0 0
(1991100,3417000)(1991100,3223000)1 0
(1991100,3223000)(2020100,3223000)0 1
(2020100,3223000)(2020100,3352300)1 1
POLYGON 117
(3368000,149390)(3368000,49590)1 0
(3368000,49590)(3432000,49590)0 1
(3432000,49590)(3432000,149390)1 1
(3432000,149390)(3368000,149390)0 0
POLYGON 118
(3391700,3352300)(3425000,3352300)0 1
(3425000,3352300)(3425000,3287700)1 0
(3425000,3287700)(3391700,3287700)0 0
(3391700,3287700)(3391700,3352300)1 1
POLYGON 119
(3612700,961770)(3612700,1155770)1 1
(3612700,1155770)(3433100,1155770)0 0
(3433100,1155770)(3433100,961770)1 0
(3433100,961770)(3612700,961770)0 1
POLYGON 120
(3495400,1026470)(3462100,1026470)0 0
(3462100,1026470)(3462100,1091070)1 1
(3462100,1091070)(3495400,1091070)0 1
(3495400,1091070)(3495400,1026470)1 0
POLYGON 121
(1824800,3287700)(1791500,3287700)0 0
(1791500,3287700)(1791500,3352300)1 1
(1791500,3352300)(1824800,3352300)0 1
(1824800,3352300)(1824800,3287700)1 0
POLYGON 122
(1985200,1091070)(2018500,1091070)0 1
(2018500,1091070)(2018500,1026470)1 0
(2018500,1026470)(1985200,1026470)0 0
(1985200,1026470)(1985200,1091070)1 1
POLYGON 123
(2429400,1155770)(2429400,1091070)1 0
(2429400,1091070)(2465700,1091070)0 1
(2465700,1091070)(2465700,1026470)1 0
(2465700,1026470)(2429400,1026470)0 0
(2429400,1026470)(2429400,961770)1 0
(2429400,961770)(2494700,961770)0 1
(2494700,961770)(2494700,1155770)1 1
(2494700,1155770)(2429400,1155770)0 0
POLYGON 124
(3133000,49590)(3133000,149390)1 1
(3133000,149390)(3069000,149390)0 0
(3069000,149390)(3069000,49590)1 0
(3069000,49590)(3133000,49590)0 1
POLYGON 125
(2573000,149390)(2573000,49590)1 0
(2573000,49590)(2636000,49590)0 1
(2636000,49590)(2636000,149390)1 1
(2636000,149390)(2573000,149390)0 0
POLYGON 126
(4135700,2588300)(4169000,2588300)0 1
(4169000,2588300)(4169000,2523700)1 0
(4169000,2523700)(4135700,2523700)0 0
(4135700,2523700)(4135700,2588300)1 1
POLYGON 127
(4169000,3161300)(4169000,3096700)1 0
(4169000,3096700)(4135700,3096700)0 0
(4135700,3096700)(4135700,3161300)1 1
(4135700,3161300)(4169000,3161300)0 1
POLYGON 128
(760100,1599300)(760100,1534700)1 0
(760100,1534700)(726800,1534700)0 0
(726800,1534700)(726800,1599300)1 1
(726800,1599300)(760100,1599300)0 1
POLYGON 129
(1422600,3352300)(1455900,3352300)0 1
(1455900,3352300)(1455900,3287700)1 0
(1455900,3287700)(1422600,3287700)0 0
(1422600,3287700)(1422600,3352300)1 1
POLYGON 130
(59300,2298700)(26000,2298700)0 0
(26000,2298700)(26000,2363300)1 1
(26000,2363300)(59300,2363300)0 1
(59300,2363300)(59300,2298700)1 0
POLYGON 131
(3583700,1091070)(3583700,1026470)1 0
(3583700,1026470)(3550400,1026470)0 0
(3550400,1026470)(3550400,1091070)1 1
(3550400,1091070)(3583700,1091070)0 1
POLYGON 132
(2671100,2404625)(2491500,2404625)0 0
(2491500,2404625)(2491500,2210625)1 0
(2491500,2210625)(2582800,2210625)0 1
(2582800,2210625)(2582800,2305625)1 1
(2582800,2305625)(2608800,2305625)0 1
(2608800,2305625)(2608800,2339925)1 1
(2608800,2339925)(2642100,2339925)0 1
(2642100,2339925)(2642100,2275325)1 0
(2642100,2275325)(2605800,2275325)0 0
(2605800,2275325)(2605800,2210625)1 0
(2605800,2210625)(2671100,2210625)0 1
(2671100,2210625)(2671100,2404625)1 1
POLYGON 133
(2385200,2210625)(2385200,2339925)1 1
(2385200,2339925)(2421500,2339925)0 1
(2421500,2339925)(2421500,2404625)1 1
(2421500,2404625)(2267900,2404625)0 0
(2267900,2404625)(2267900,2210625)1 0
(2267900,2210625)(2385200,2210625)0 1
POLYGON 134
(2330200,2275325)(2296900,2275325)0 0
(2296900,2275325)(2296900,2339925)1 1
(2296900,2339925)(2330200,2339925)0 1
(2330200,2339925)(2330200,2275325)1 0
POLYGON 135
(2601000,1091070)(2601000,1026470)1 0
(2601000,1026470)(2567700,1026470)0 0
(2567700,1026470)(2567700,1091070)1 1
(2567700,1091070)(2601000,1091070)0 1
POLYGON 136
(2510600,3352300)(2510600,3287700)1 0
(2510600,3287700)(2477300,3287700)0 0
(2477300,3287700)(2477300,3352300)1 1
(2477300,3352300)(2510600,3352300)0 1
POLYGON 137
(2399300,3417000)(2245700,3417000)0 0
(2245700,3417000)(2245700,3352300)1 0
(2245700,3352300)(2282000,3352300)0 1
(2282000,3352300)(2282000,3223000)1 0
(2282000,3223000)(2399300,3223000)0 1
(2399300,3223000)(2399300,3417000)1 1
POLYGON 138
(2370300,3352300)(2370300,3287700)1 0
(2370300,3287700)(2337000,3287700)0 0
(2337000,3287700)(2337000,3352300)1 1
(2337000,3352300)(2370300,3352300)0 1
POLYGON 139
(1473000,348150)(1473000,447950)1 1
(1473000,447950)(1410000,447950)0 0
(1410000,447950)(1410000,348150)1 0
(1410000,348150)(1473000,348150)0 1
POLYGON 140
(2370300,2811715)(2370300,2747115)1 0
(2370300,2747115)(2337000,2747115)0 0
(2337000,2747115)(2337000,2811715)1 1
(2337000,2811715)(2370300,2811715)0 1
POLYGON 141
(4135700,2397300)(4169000,2397300)0 1
(4169000,2397300)(4169000,2271000)1 0
(4169000,2271000)(4135700,2271000)0 0
(4135700,2271000)(4135700,2397300)1 1
POLYGON 142
(820000,2339925)(853300,2339925)0 1
(853300,2339925)(853300,2275325)1 0
(853300,2275325)(820000,2275325)0 0
(820000,2275325)(820000,2339925)1 1
POLYGON 143
(1083000,147950)(1083000,48150)1 0
(1083000,48150)(1146000,48150)0 1
(1146000,48150)(1146000,147950)1 1
(1146000,147950)(1083000,147950)0 0
POLYGON 144
(3332000,49590)(3332000,149390)1 1
(3332000,149390)(3268000,149390)0 0
(3268000,149390)(3268000,49590)1 0
(3268000,49590)(3332000,49590)0 1
POLYGON 145
(1301000,447950)(1301000,348150)1 0
(1301000,348150)(1364000,348150)0 1
(1364000,348150)(1364000,447950)1 1
(1364000,447950)(1301000,447950)0 0
POLYGON 146
(1553100,2404625)(1373500,2404625)0 0
(1373500,2404625)(1373500,2305625)1 0
(1373500,2305625)(1402500,2305625)0 1
(1402500,2305625)(1402500,2339925)1 1
(1402500,2339925)(1435800,2339925)0 1
(1435800,2339925)(1435800,2305625)1 0
(1435800,2305625)(1490800,2305625)0 1
(1490800,2305625)(1490800,2339925)1 1
(1490800,2339925)(1524100,2339925)0 1
(1524100,2339925)(1524100,2275325)1 0
(1524100,2275325)(1487800,2275325)0 0
(1487800,2275325)(1487800,2210625)1 0
(1487800,2210625)(1553100,2210625)0 1
(1553100,2210625)(1553100,2404625)1 1
POLYGON 147
(3934200,3417000)(3934200,3352300)1 0
(3934200,3352300)(3970500,3352300)0 1
(3970500,3352300)(3970500,3318000)1 0
(3970500,3318000)(3999500,3318000)0 1
(3999500,3318000)(3999500,3417000)1 1
(3999500,3417000)(3934200,3417000)0 0
POLYGON 148
(3862100,2339925)(3898400,2339925)0 1
(3898400,2339925)(3898400,2404625)1 1
(3898400,2404625)(3833100,2404625)0 0
(3833100,2404625)(3833100,2210625)1 0
(3833100,2210625)(3898400,2210625)0 1
(3898400,2210625)(3898400,2275325)1 1
(3898400,2275325)(3862100,2275325)0 0
(3862100,2275325)(3862100,2339925)1 1
POLYGON 149
(1255000,48150)(1255000,147950)1 1
(1255000,147950)(1192000,147950)0 0
(1192000,147950)(1192000,48150)1 0
(1192000,48150)(1255000,48150)0 1
POLYGON 150
(1519000,447950)(1519000,348150)1 0
(1519000,348150)(1582000,348150)0 1
(1582000,348150)(1582000,447950)1 1
(1582000,447950)(1519000,447950)0 0
POLYGON 151
(910400,3352300)(910400,3287700)1 0
(910400,3287700)(877100,3287700)0 0
(877100,3287700)(877100,3352300)1 1
(877100,3352300)(910400,3352300)0 1
POLYGON 152
(1847000,447950)(1847000,348150)1 0
(1847000,348150)(1911000,348150)0 1
(1911000,348150)(1911000,447950)1 1
(1911000,447950)(1847000,447950)0 0
POLYGON 153
(2339000,48150)(2339000,147950)1 1
(2339000,147950)(2276000,147950)0 0
(2276000,147950)(2276000,48150)1 0
(2276000,48150)(2339000,48150)0 1
POLYGON 154
(3312900,2210625)(3341900,2210625)0 1
(3341900,2210625)(3341900,2404625)1 1
(3341900,2404625)(3312900,2404625)0 0
(3312900,2404625)(3312900,2210625)1 0
POLYGON 155
(2672000,149390)(2672000,49590)1 0
(2672000,49590)(2735000,49590)0 1
(2735000,49590)(2735000,149390)1 1
(2735000,149390)(2672000,149390)0 0
POLYGON 156
(2520500,2275325)(2520500,2339925)1 1
(2520500,2339925)(2553800,2339925)0 1
(2553800,2339925)(2553800,2275325)1 0
(2553800,2275325)(2520500,2275325)0 0
POLYGON 157
(1628000,447950)(1628000,348150)1 0
(1628000,348150)(1691000,348150)0 1
(1691000,348150)(1691000,447950)1 1
(1691000,447950)(1628000,447950)0 0
POLYGON 158
(3030000,1766315)(2938700,1766315)0 0
(2938700,1766315)(2938700,1667315)1 0
(2938700,1667315)(2967700,1667315)0 1
(2967700,1667315)(2967700,1701615)1 1
(2967700,1701615)(3001000,1701615)0 1
(3001000,1701615)(3001000,1637015)1 0
(3001000,1637015)(2964700,1637015)0 0
(2964700,1637015)(2964700,1572315)1 0
(2964700,1572315)(3030000,1572315)0 1
(3030000,1572315)(3030000,1766315)1 1
POLYGON 159
(2537000,49590)(2537000,149390)1 1
(2537000,149390)(2474000,149390)0 0
(2474000,149390)(2474000,49590)1 0
(2474000,49590)(2537000,49590)0 1
POLYGON 160
(3033000,49590)(3033000,149390)1 1
(3033000,149390)(2969000,149390)0 0
(2969000,149390)(2969000,49590)1 0
(2969000,49590)(3033000,49590)0 1
POLYGON 161
(2248700,3223000)(2248700,3322000)1 1
(2248700,3322000)(2219700,3322000)0 0
(2219700,3322000)(2219700,3223000)1 0
(2219700,3223000)(2248700,3223000)0 1
POLYGON 162
(2073300,2305625)(2073300,2404625)1 1
(2073300,2404625)(2044300,2404625)0 0
(2044300,2404625)(2044300,2305625)1 0
(2044300,2305625)(2073300,2305625)0 1
POLYGON 163
(2020000,348150)(2020000,447950)1 1
(2020000,447950)(1987000,447950)0 0
(1987000,447950)(1987000,348150)1 0
(1987000,348150)(2020000,348150)0 1
POLYGON 164
(2209000,48150)(2209000,147950)1 1
(2209000,147950)(2176000,147950)0 0
(2176000,147950)(2176000,48150)1 0
(2176000,48150)(2209000,48150)0 1
POLYGON 165
(1438800,2210625)(1438800,2275325)1 1
(1438800,2275325)(1399500,2275325)0 0
(1399500,2275325)(1399500,2210625)1 0
(1399500,2210625)(1438800,2210625)0 1
POLYGON 166
(2447500,2210625)(2447500,2309625)1 1
(2447500,2309625)(2418500,2309625)0 0
(2418500,2309625)(2418500,2210625)1 0
(2418500,2210625)(2447500,2210625)0 1
POLYGON 167
(1849700,2210625)(1849700,2309625)1 1
(1849700,2309625)(1820700,2309625)0 0
(1820700,2309625)(1820700,2210625)1 0
(1820700,2210625)(1849700,2210625)0 1
POLYGON 168
(3973500,3223000)(3973500,3287700)1 1
(3973500,3287700)(3934200,3287700)0 0
(3934200,3287700)(3934200,3223000)1 0
(3934200,3223000)(3973500,3223000)0 1
