OPERATION M1 ;

DATA MERGE M1 ;
POLYGON 289940 602700 0 602700 0 0 289940 0 289940 602700 ;
POLYGON 120000 805000 120000 800000 124500 800000 124500 800500 120500 800500 120500 804500 124500 804500 124500 800500 125000 800500 125000 805000 120000 805000 ;
POLYGON 123000 802000 123000 803000 122000 803000 122000 802000 123000 802000 ;
POLYGON 135000 805000 135000 800000 139500 800000 139500 800500 135500 800500 135500 804500 139500 804500 139500 800500 140000 800500 140000 805000 135000 805000 ;
POLYGON 138000 802000 138000 803000 137000 803000 137000 802000 138000 802000 ;
POLYGON 150000 805000 150000 800000 154500 800000 154500 800500 150500 800500 150500 804500 154500 804500 154500 800500 155000 800500 155000 805000 150000 805000 ;
POLYGON 153000 802000 153000 803000 152000 803000 152000 802000 153000 802000 ;
POLYGON 165000 805000 165000 800000 169500 800000 169500 800500 165500 800500 165500 804500 169500 804500 169500 800500 170000 800500 170000 805000 165000 805000 ;
POLYGON 168000 802000 168000 803000 167000 803000 167000 802000 168000 802000 ;
POLYGON 180000 805000 180000 800000 184500 800000 184500 800500 180500 800500 180500 804500 184500 804500 184500 800500 185000 800500 185000 805000 180000 805000 ;
POLYGON 183000 802000 183000 803000 182000 803000 182000 802000 183000 802000 ;
POLYGON 195000 805000 195000 800000 199500 800000 199500 800500 195500 800500 195500 804500 199500 804500 199500 800500 200000 800500 200000 805000 195000 805000 ;
POLYGON 198000 802000 198000 803000 197000 803000 197000 802000 198000 802000 ;
POLYGON 210000 805000 210000 800000 214500 800000 214500 800500 210500 800500 210500 804500 214500 804500 214500 800500 215000 800500 215000 805000 210000 805000 ;
POLYGON 213000 802000 213000 803000 212000 803000 212000 802000 213000 802000 ;
POLYGON 225000 805000 225000 800000 229500 800000 229500 800500 225500 800500 225500 804500 229500 804500 229500 800500 230000 800500 230000 805000 225000 805000 ;
POLYGON 228000 802000 228000 803000 227000 803000 227000 802000 228000 802000 ;
POLYGON 240000 805000 240000 800000 244500 800000 244500 800500 240500 800500 240500 804500 244500 804500 244500 800500 245000 800500 245000 805000 240000 805000 ;
POLYGON 243000 802000 243000 803000 242000 803000 242000 802000 243000 802000 ;
POLYGON 255000 805000 255000 800000 259500 800000 259500 800500 255500 800500 255500 804500 259500 804500 259500 800500 260000 800500 260000 805000 255000 805000 ;
POLYGON 258000 802000 258000 803000 257000 803000 257000 802000 258000 802000 ;
POLYGON 270000 805000 270000 800000 274500 800000 274500 800500 270500 800500 270500 804500 274500 804500 274500 800500 275000 800500 275000 805000 270000 805000 ;
POLYGON 273000 802000 273000 803000 272000 803000 272000 802000 273000 802000 ;
POLYGON 285000 805000 285000 800000 289500 800000 289500 800500 285500 800500 285500 804500 289500 804500 289500 800500 290000 800500 290000 805000 285000 805000 ;
POLYGON 288000 802000 288000 803000 287000 803000 287000 802000 288000 802000 ;
POLYGON 300000 805000 300000 800000 304500 800000 304500 800500 300500 800500 300500 804500 304500 804500 304500 800500 305000 800500 305000 805000 300000 805000 ;
POLYGON 303000 802000 303000 803000 302000 803000 302000 802000 303000 802000 ;
POLYGON 315000 805000 315000 800000 319500 800000 319500 800500 315500 800500 315500 804500 319500 804500 319500 800500 320000 800500 320000 805000 315000 805000 ;
POLYGON 318000 802000 318000 803000 317000 803000 317000 802000 318000 802000 ;
POLYGON 330000 805000 330000 800000 334500 800000 334500 800500 330500 800500 330500 804500 334500 804500 334500 800500 335000 800500 335000 805000 330000 805000 ;
POLYGON 333000 802000 333000 803000 332000 803000 332000 802000 333000 802000 ;
POLYGON 345000 805000 345000 800000 349500 800000 349500 800500 345500 800500 345500 804500 349500 804500 349500 800500 350000 800500 350000 805000 345000 805000 ;
POLYGON 348000 802000 348000 803000 347000 803000 347000 802000 348000 802000 ;
POLYGON 360000 805000 360000 800000 364500 800000 364500 800500 360500 800500 360500 804500 364500 804500 364500 800500 365000 800500 365000 805000 360000 805000 ;
POLYGON 363000 802000 363000 803000 362000 803000 362000 802000 363000 802000 ;
POLYGON 375000 805000 375000 800000 379500 800000 379500 800500 375500 800500 375500 804500 379500 804500 379500 800500 380000 800500 380000 805000 375000 805000 ;
POLYGON 378000 802000 378000 803000 377000 803000 377000 802000 378000 802000 ;
POLYGON 390000 805000 390000 800000 394500 800000 394500 800500 390500 800500 390500 804500 394500 804500 394500 800500 395000 800500 395000 805000 390000 805000 ;
POLYGON 393000 802000 393000 803000 392000 803000 392000 802000 393000 802000 ;
POLYGON 405000 805000 405000 800000 409500 800000 409500 800500 405500 800500 405500 804500 409500 804500 409500 800500 410000 800500 410000 805000 405000 805000 ;
POLYGON 408000 802000 408000 803000 407000 803000 407000 802000 408000 802000 ;
POLYGON 420000 805000 420000 800000 424500 800000 424500 800500 420500 800500 420500 804500 424500 804500 424500 800500 425000 800500 425000 805000 420000 805000 ;
POLYGON 423000 802000 423000 803000 422000 803000 422000 802000 423000 802000 ;
POLYGON 435000 805000 435000 800000 439500 800000 439500 800500 435500 800500 435500 804500 439500 804500 439500 800500 440000 800500 440000 805000 435000 805000 ;
POLYGON 438000 802000 438000 803000 437000 803000 437000 802000 438000 802000 ;
POLYGON 450000 805000 450000 800000 454500 800000 454500 800500 450500 800500 450500 804500 454500 804500 454500 800500 455000 800500 455000 805000 450000 805000 ;
POLYGON 453000 802000 453000 803000 452000 803000 452000 802000 453000 802000 ;
POLYGON 465000 805000 465000 800000 469500 800000 469500 800500 465500 800500 465500 804500 469500 804500 469500 800500 470000 800500 470000 805000 465000 805000 ;
POLYGON 468000 802000 468000 803000 467000 803000 467000 802000 468000 802000 ;
POLYGON 480000 805000 480000 800000 484500 800000 484500 800500 480500 800500 480500 804500 484500 804500 484500 800500 485000 800500 485000 805000 480000 805000 ;
POLYGON 483000 802000 483000 803000 482000 803000 482000 802000 483000 802000 ;
POLYGON 495000 805000 495000 800000 499500 800000 499500 800500 495500 800500 495500 804500 499500 804500 499500 800500 500000 800500 500000 805000 495000 805000 ;
POLYGON 498000 802000 498000 803000 497000 803000 497000 802000 498000 802000 ;
POLYGON 510000 805000 510000 800000 514500 800000 514500 800500 510500 800500 510500 804500 514500 804500 514500 800500 515000 800500 515000 805000 510000 805000 ;
POLYGON 513000 802000 513000 803000 512000 803000 512000 802000 513000 802000 ;
POLYGON 525000 805000 525000 800000 529500 800000 529500 800500 525500 800500 525500 804500 529500 804500 529500 800500 530000 800500 530000 805000 525000 805000 ;
POLYGON 528000 802000 528000 803000 527000 803000 527000 802000 528000 802000 ;
POLYGON 540000 805000 540000 800000 544500 800000 544500 800500 540500 800500 540500 804500 544500 804500 544500 800500 545000 800500 545000 805000 540000 805000 ;
POLYGON 543000 802000 543000 803000 542000 803000 542000 802000 543000 802000 ;
POLYGON 555000 805000 555000 800000 559500 800000 559500 800500 555500 800500 555500 804500 559500 804500 559500 800500 560000 800500 560000 805000 555000 805000 ;
POLYGON 558000 802000 558000 803000 557000 803000 557000 802000 558000 802000 ;
END DATA
