OPERATION M1 ;

DATA MERGE M1 ;
POLYGON 2520 541100 2520 539700 14560 539700 14560 541100 14280 541100 14280 542500 17080 542500 17080 543900 16380 543900 16380 545300 15960 545300 15960 546700 15680 546700 15680 548100 15540 548100 15540 549500 15400 549500 15400 550900 14980 550900 14980 552300 14280 552300 14280 553700 14000 553700 14000 555100 13580 555100 13580 556500 13160 556500 13160 557900 7140 557900 7140 556500 7560 556500 7560 555100 7980 555100 7980 553700 2240 553700 2240 552300 2940 552300 2940 550900 3360 550900 3360 549500 3500 549500 3500 548100 3640 548100 3640 546700 3920 546700 3920 545300 4340 545300 4340 543900 5040 543900 5040 542500 2240 542500 2240 541100 2520 541100 ;
POLYGON 82880 541100 82880 539700 88900 539700 88900 541100 87220 541100 87220 542500 89040 542500 89040 543900 83020 543900 83020 545300 82880 545300 82880 546700 80080 546700 80080 548100 79940 548100 79940 549500 73920 549500 73920 548100 72800 548100 72800 549500 73220 549500 73220 550900 67200 550900 67200 549500 66780 549500 66780 548100 68040 548100 68040 546700 64820 546700 64820 545300 64960 545300 64960 543900 65380 543900 65380 542500 59080 542500 59080 541100 58520 541100 58520 539700 70560 539700 70560 541100 76580 541100 76580 539700 82600 539700 82600 541100 82880 541100 ;
POLYGON 81200 541100 77140 541100 77140 542500 77420 542500 77420 543900 83020 543900 83020 542500 81200 542500 81200 541100 ;
POLYGON 278880 539700 278880 541100 277200 541100 277200 542500 277760 542500 277760 543900 277900 543900 277900 545300 271880 545300 271880 543900 271740 543900 271740 542500 271180 542500 271180 541100 266840 541100 266840 539700 278880 539700 ;
POLYGON 129360 541100 129360 542500 129780 542500 129780 543900 129920 543900 129920 545300 130060 545300 130060 546700 130480 546700 130480 548100 130900 548100 130900 550900 124880 550900 124880 548100 124460 548100 124460 546700 124040 546700 124040 545300 123900 545300 123900 543900 117740 543900 117740 542500 117320 542500 117320 541100 117460 541100 117460 539700 129500 539700 129500 541100 129360 541100 ;
POLYGON 131880 539700 143920 539700 143920 541100 137900 541100 137900 548100 131880 548100 131880 539700 ;
POLYGON 184940 541100 184940 539700 196980 539700 196980 541100 190820 541100 190820 542500 193760 542500 193760 543900 187740 543900 187740 542500 184800 542500 184800 541100 184940 541100 ;
POLYGON 19600 539700 25620 539700 25620 545300 19600 545300 19600 539700 ;
POLYGON 215320 548100 215320 546700 215880 546700 215880 545300 210560 545300 210560 543900 210840 543900 210840 542500 211120 542500 211120 541100 211400 541100 211400 539700 223440 539700 223440 541100 223160 541100 223160 542500 222880 542500 222880 543900 222600 543900 222600 545300 221900 545300 221900 546700 221340 546700 221340 548100 220500 548100 220500 549500 214480 549500 214480 548100 215320 548100 ;
POLYGON 290000 0 290000 537000 289940 537000 289940 539000 1000 539000 1000 601700 289940 601700 289940 602700 0 602700 0 0 290000 0 ;
END DATA
