OPERATION M1 ;

DATA MERGE M1 ;
POLYGON 1043600 2339925 1076900 2339925 1076900 2210625 1105900 2210625 1105900 2404625 926300 2404625 926300 2210625 1043600 2210625 1043600 2339925 ;
POLYGON 1329500 2404625 1149900 2404625 1149900 2210625 1329500 2210625 1329500 2404625 ;
POLYGON 1300500 2275325 1267200 2275325 1267200 2339925 1300500 2339925 1300500 2275325 ;
POLYGON 1402500 2275325 1402500 2339925 1435800 2339925 1435800 2275325 1402500 2275325 ;
POLYGON 1373500 2210625 1464800 2210625 1464800 2305625 1490800 2305625 1490800 2339925 1524100 2339925 1524100 2275325 1487800 2275325 1487800 2210625 1553100 2210625 1553100 2404625 1373500 2404625 1373500 2210625 ;
POLYGON 1562900 3352300 1596200 3352300 1596200 3287700 1562900 3287700 1562900 3352300 ;
POLYGON 1533900 3223000 1713500 3223000 1713500 3417000 1533900 3417000 1533900 3223000 ;
POLYGON 26000 1599300 59300 1599300 59300 1534700 26000 1534700 26000 1599300 ;
POLYGON 88300 1470000 88300 1760000 59300 1760000 59300 1725700 26000 1725700 26000 1790300 62300 1790300 62300 1852000 88300 1852000 88300 2428000 -3000 2428000 -3000 2138000 26000 2138000 26000 2234000 59300 2234000 59300 2107700 23000 2107700 23000 2046000 -3000 2046000 -3000 1470000 88300 1470000 ;
POLYGON 341900 1470000 341900 1664000 162300 1664000 162300 1470000 191300 1470000 191300 1599300 224600 1599300 224600 1470000 341900 1470000 ;
POLYGON 312900 1534700 279600 1534700 279600 1599300 312900 1599300 312900 1534700 ;
POLYGON 2219700 3223000 2399300 3223000 2399300 3417000 2219700 3417000 2219700 3223000 ;
POLYGON 2248700 3352300 2282000 3352300 2282000 3287700 2248700 3287700 2248700 3352300 ;
POLYGON 4135700 1442300 4169000 1442300 4169000 1377700 4132700 1377700 4132700 1316000 4106700 1316000 4106700 1122000 4198000 1122000 4198000 1698000 4172000 1698000 4172000 1759700 4135700 1759700 4135700 1824300 4169000 1824300 4169000 1790000 4198000 1790000 4198000 1889000 4172000 1889000 4172000 1950700 4135700 1950700 4135700 2015300 4169000 2015300 4169000 1981000 4198000 1981000 4198000 2176000 4169000 2176000 4169000 2080000 4135700 2080000 4135700 2206300 4172000 2206300 4172000 2268000 4198000 2268000 4198000 2749000 4169000 2749000 4169000 2462000 4135700 2462000 4135700 2779300 4172000 2779300 4172000 2841000 4198000 2841000 4198000 3226000 4172000 3226000 4172000 3287700 4135700 3287700 4135700 3352300 4169000 3352300 4169000 3318000 4198000 3318000 4198000 3417000 4106700 3417000 4106700 3032000 4132700 3032000 4132700 2970300 4169000 2970300 4169000 2905700 4135700 2905700 4135700 2940000 4106700 2940000 4106700 2459000 4132700 2459000 4132700 2397300 4169000 2397300 4169000 2271000 4135700 2271000 4135700 2367000 4106700 2367000 4106700 1599000 4135700 1599000 4135700 1633300 4169000 1633300 4169000 1568700 4132700 1568700 4132700 1507000 4106700 1507000 4106700 1408000 4135700 1408000 4135700 1442300 ;
POLYGON 1735600 961770 1735600 1056770 1761600 1056770 1761600 1091070 1794900 1091070 1794900 1026470 1758600 1026470 1758600 961770 1823900 961770 1823900 1155770 1644300 1155770 1644300 961770 1735600 961770 ;
POLYGON 1673300 1026470 1673300 1091070 1706600 1091070 1706600 1026470 1673300 1026470 ;
POLYGON 2406400 1056770 2432400 1056770 2432400 1091070 2465700 1091070 2465700 1026470 2429400 1026470 2429400 961770 2494700 961770 2494700 1155770 2315100 1155770 2315100 961770 2406400 961770 2406400 1056770 ;
POLYGON 3118300 1572315 3118300 1766315 3053000 1766315 3053000 1701615 3089300 1701615 3089300 1637015 3056000 1637015 3056000 1671315 3030000 1671315 3030000 1766315 2938700 1766315 2938700 1572315 3118300 1572315 ;
POLYGON 2967700 1701615 3001000 1701615 3001000 1637015 2967700 1637015 2967700 1701615 ;
POLYGON 4012700 2210625 4012700 2404625 3921400 2404625 3921400 2309625 3895400 2309625 3895400 2275325 3862100 2275325 3862100 2339925 3898400 2339925 3898400 2404625 3833100 2404625 3833100 2210625 4012700 2210625 ;
POLYGON 2020000 348150 2020000 447950 1957000 447950 1957000 348150 2020000 348150 ;
POLYGON 2538700 1155770 2538700 961770 2718300 961770 2718300 1155770 2689300 1155770 2689300 1026470 2656000 1026470 2656000 1155770 2538700 1155770 ;
POLYGON 385900 1470000 477200 1470000 477200 1565000 503200 1565000 503200 1599300 536500 1599300 536500 1534700 500200 1534700 500200 1470000 565500 1470000 565500 1664000 385900 1664000 385900 1470000 ;
POLYGON 414900 1534700 414900 1599300 448200 1599300 448200 1534700 414900 1534700 ;
POLYGON 3760100 2275325 3723800 2275325 3723800 2210625 3789100 2210625 3789100 2404625 3671800 2404625 3671800 2275325 3638500 2275325 3638500 2404625 3609500 2404625 3609500 2210625 3700800 2210625 3700800 2305625 3726800 2305625 3726800 2339925 3760100 2339925 3760100 2275325 ;
POLYGON 988600 2339925 988600 2275325 955300 2275325 955300 2339925 988600 2339925 ;
POLYGON 1455900 2747115 1422600 2747115 1422600 2811715 1455900 2811715 1455900 2747115 ;
POLYGON 1484900 2876415 1305300 2876415 1305300 2682415 1334300 2682415 1334300 2811715 1367600 2811715 1367600 2682415 1484900 2682415 1484900 2876415 ;
POLYGON 3970500 3287700 3934200 3287700 3934200 3223000 3999500 3223000 3999500 3417000 3819900 3417000 3819900 3223000 3911200 3223000 3911200 3318000 3937200 3318000 3937200 3352300 3970500 3352300 3970500 3287700 ;
POLYGON 2176000 147950 2176000 48150 2240000 48150 2240000 147950 2176000 147950 ;
POLYGON 2044300 2210625 2223900 2210625 2223900 2404625 2044300 2404625 2044300 2210625 ;
POLYGON 2073300 2275325 2073300 2339925 2106600 2339925 2106600 2275325 2073300 2275325 ;
POLYGON 1849700 2339925 1883000 2339925 1883000 2275325 1849700 2275325 1849700 2339925 ;
POLYGON 1820700 2404625 1820700 2210625 2000300 2210625 2000300 2404625 1820700 2404625 ;
POLYGON 2418500 2339925 2418500 2210625 2447500 2210625 2447500 2404625 2267900 2404625 2267900 2210625 2296900 2210625 2296900 2339925 2330200 2339925 2330200 2210625 2385200 2210625 2385200 2339925 2418500 2339925 ;
POLYGON 1597100 2210625 1688400 2210625 1688400 2305625 1714400 2305625 1714400 2339925 1747700 2339925 1747700 2275325 1711400 2275325 1711400 2210625 1776700 2210625 1776700 2404625 1659400 2404625 1659400 2275325 1626100 2275325 1626100 2404625 1597100 2404625 1597100 2210625 ;
POLYGON 3312900 2275325 3279600 2275325 3279600 2404625 3162300 2404625 3162300 2210625 3191300 2210625 3191300 2339925 3224600 2339925 3224600 2210625 3341900 2210625 3341900 2404625 3312900 2404625 3312900 2275325 ;
POLYGON 1879800 2682415 1879800 2811715 1913100 2811715 1913100 2682415 1942100 2682415 1942100 2876415 1850800 2876415 1850800 2781415 1824800 2781415 1824800 2747115 1791500 2747115 1791500 2811715 1827800 2811715 1827800 2876415 1762500 2876415 1762500 2682415 1879800 2682415 ;
POLYGON 2934500 3352300 2967800 3352300 2967800 3287700 2934500 3287700 2934500 3352300 ;
POLYGON 2905500 3223000 2996800 3223000 2996800 3318000 3022800 3318000 3022800 3352300 3056100 3352300 3056100 3287700 3019800 3287700 3019800 3223000 3085100 3223000 3085100 3417000 2905500 3417000 2905500 3223000 ;
POLYGON 3414900 2339925 3448200 2339925 3448200 2275325 3414900 2275325 3414900 2339925 ;
POLYGON 3385900 2404625 3385900 2210625 3565500 2210625 3565500 2404625 3385900 2404625 ;
POLYGON 2170700 3223000 2170700 3417000 2079400 3417000 2079400 3322000 2053400 3322000 2053400 3287700 2020100 3287700 2020100 3352300 2056400 3352300 2056400 3417000 1991100 3417000 1991100 3223000 2170700 3223000 ;
POLYGON 998700 3352300 998700 3287700 965400 3287700 965400 3352300 998700 3352300 ;
POLYGON 1027700 3417000 936400 3417000 936400 3322000 910400 3322000 910400 3287700 877100 3287700 877100 3352300 913400 3352300 913400 3417000 848100 3417000 848100 3223000 1027700 3223000 1027700 3417000 ;
POLYGON 2194900 2339925 2194900 2275325 2161600 2275325 2161600 2339925 2194900 2339925 ;
POLYGON 3536500 2275325 3503200 2275325 3503200 2339925 3536500 2339925 3536500 2275325 ;
POLYGON 2705900 3352300 2742200 3352300 2742200 3417000 2676900 3417000 2676900 3223000 2794200 3223000 2794200 3352300 2827500 3352300 2827500 3223000 2856500 3223000 2856500 3417000 2765200 3417000 2765200 3322000 2739200 3322000 2739200 3287700 2705900 3287700 2705900 3352300 ;
POLYGON 1737000 447950 1737000 348150 1801000 348150 1801000 447950 1737000 447950 ;
POLYGON 3232000 49590 3232000 149390 3169000 149390 3169000 49590 3232000 49590 ;
POLYGON 2894700 2210625 2894700 2404625 2715100 2404625 2715100 2210625 2806400 2210625 2806400 2305625 2832400 2305625 2832400 2339925 2865700 2339925 2865700 2275325 2829400 2275325 2829400 2210625 2894700 2210625 ;
POLYGON 2744100 2339925 2777400 2339925 2777400 2275325 2744100 2275325 2744100 2339925 ;
POLYGON 2399300 2682415 2399300 2876415 2219700 2876415 2219700 2682415 2399300 2682415 ;
POLYGON 2248700 2747115 2248700 2811715 2282000 2811715 2282000 2747115 2248700 2747115 ;
POLYGON 833100 1664000 833100 1470000 862100 1470000 862100 1599300 895400 1599300 895400 1470000 1012700 1470000 1012700 1664000 983700 1664000 983700 1534700 950400 1534700 950400 1664000 833100 1664000 ;
POLYGON -3000 2459000 88300 2459000 88300 2558000 59300 2558000 59300 2523700 26000 2523700 26000 2588300 62300 2588300 62300 2650000 88300 2650000 88300 2940000 59300 2940000 59300 2844000 26000 2844000 26000 2970300 62300 2970300 62300 3032000 88300 3032000 88300 3417000 59300 3417000 59300 3226000 26000 3226000 26000 3417000 -3000 3417000 -3000 2459000 ;
POLYGON 26000 3035000 26000 3161300 59300 3161300 59300 3035000 26000 3035000 ;
POLYGON 1762500 3417000 1762500 3223000 1791500 3223000 1791500 3352300 1824800 3352300 1824800 3223000 1942100 3223000 1942100 3417000 1762500 3417000 ;
POLYGON 1913100 3287700 1879800 3287700 1879800 3352300 1913100 3352300 1913100 3287700 ;
POLYGON 1105700 3352300 1139000 3352300 1139000 3287700 1105700 3287700 1105700 3352300 ;
POLYGON 1076700 3417000 1076700 3223000 1256300 3223000 1256300 3417000 1227300 3417000 1227300 3287700 1194000 3287700 1194000 3417000 1076700 3417000 ;
POLYGON 2448300 3417000 2448300 3223000 2565600 3223000 2565600 3352300 2598900 3352300 2598900 3223000 2627900 3223000 2627900 3417000 2448300 3417000 ;
POLYGON 2856500 2682415 2856500 2876415 2827500 2876415 2827500 2747115 2794200 2747115 2794200 2876415 2765200 2876415 2765200 2781415 2739200 2781415 2739200 2747115 2705900 2747115 2705900 2811715 2742200 2811715 2742200 2876415 2676900 2876415 2676900 2682415 2856500 2682415 ;
POLYGON 2223900 1572315 2223900 1766315 2044300 1766315 2044300 1572315 2073300 1572315 2073300 1701615 2106600 1701615 2106600 1572315 2135600 1572315 2135600 1667315 2161600 1667315 2161600 1701615 2194900 1701615 2194900 1637015 2158600 1637015 2158600 1572315 2223900 1572315 ;
POLYGON 2771000 149390 2771000 49590 2834000 49590 2834000 149390 2771000 149390 ;
POLYGON 2141700 3287700 2108400 3287700 2108400 3352300 2141700 3352300 2141700 3287700 ;
POLYGON 2091500 1155770 2091500 961770 2156800 961770 2156800 1026470 2120500 1026470 2120500 1091070 2153800 1091070 2153800 1056770 2179800 1056770 2179800 961770 2271100 961770 2271100 1155770 2091500 1155770 ;
POLYGON 3389100 961770 3389100 1155770 3360100 1155770 3360100 1026470 3326800 1026470 3326800 1155770 3209500 1155770 3209500 961770 3389100 961770 ;
POLYGON 609500 1664000 609500 1470000 638500 1470000 638500 1599300 671800 1599300 671800 1470000 789100 1470000 789100 1664000 609500 1664000 ;
POLYGON 3001000 2275325 2967700 2275325 2967700 2404625 2938700 2404625 2938700 2210625 3030000 2210625 3030000 2305625 3056000 2305625 3056000 2339925 3089300 2339925 3089300 2275325 3053000 2275325 3053000 2210625 3118300 2210625 3118300 2404625 3001000 2404625 3001000 2275325 ;
POLYGON 3513300 3287700 3480000 3287700 3480000 3322000 3454000 3322000 3454000 3417000 3425000 3417000 3425000 3287700 3391700 3287700 3391700 3417000 3362700 3417000 3362700 3223000 3542300 3223000 3542300 3417000 3477000 3417000 3477000 3352300 3513300 3352300 3513300 3287700 ;
POLYGON 3165500 961770 3165500 1155770 2985900 1155770 2985900 961770 3165500 961770 ;
POLYGON 3136500 1026470 3103200 1026470 3103200 1091070 3136500 1091070 3136500 1026470 ;
POLYGON 3983700 2275325 3950400 2275325 3950400 2339925 3983700 2339925 3983700 2275325 ;
POLYGON 3653600 3352300 3653600 3223000 3708600 3223000 3708600 3352300 3741900 3352300 3741900 3223000 3770900 3223000 3770900 3417000 3591300 3417000 3591300 3223000 3620300 3223000 3620300 3352300 3653600 3352300 ;
POLYGON 1178900 2339925 1212200 2339925 1212200 2275325 1178900 2275325 1178900 2339925 ;
POLYGON 3848900 3352300 3882200 3352300 3882200 3287700 3848900 3287700 3848900 3352300 ;
POLYGON 882300 2210625 882300 2404625 817000 2404625 817000 2339925 853300 2339925 853300 2275325 820000 2275325 820000 2309625 794000 2309625 794000 2404625 765000 2404625 765000 2275325 731700 2275325 731700 2404625 702700 2404625 702700 2210625 882300 2210625 ;
POLYGON 2438000 49590 2438000 149390 2375000 149390 2375000 49590 2438000 49590 ;
POLYGON 2762300 1155770 2762300 961770 2941900 961770 2941900 1155770 2912900 1155770 2912900 1026470 2879600 1026470 2879600 1155770 2762300 1155770 ;
POLYGON 2791300 1091070 2824600 1091070 2824600 1026470 2791300 1026470 2791300 1091070 ;
POLYGON 2377400 1026470 2344100 1026470 2344100 1091070 2377400 1091070 2377400 1026470 ;
POLYGON 2582800 1572315 2582800 1667315 2608800 1667315 2608800 1701615 2642100 1701615 2642100 1637015 2605800 1637015 2605800 1572315 2671100 1572315 2671100 1766315 2491500 1766315 2491500 1572315 2582800 1572315 ;
POLYGON 2520500 1701615 2553800 1701615 2553800 1637015 2520500 1637015 2520500 1701615 ;
POLYGON 3313700 3223000 3313700 3417000 3284700 3417000 3284700 3287700 3251400 3287700 3251400 3417000 3134100 3417000 3134100 3223000 3163100 3223000 3163100 3352300 3196400 3352300 3196400 3223000 3313700 3223000 ;
POLYGON 541400 2275325 508100 2275325 508100 2339925 544400 2339925 544400 2404625 479100 2404625 479100 2210625 658700 2210625 658700 2404625 629700 2404625 629700 2275325 596400 2275325 596400 2404625 567400 2404625 567400 2309625 541400 2309625 541400 2275325 ;
POLYGON 419900 3352300 453200 3352300 453200 3318000 479200 3318000 479200 3223000 570500 3223000 570500 3417000 541500 3417000 541500 3287700 508200 3287700 508200 3417000 390900 3417000 390900 3223000 456200 3223000 456200 3287700 419900 3287700 419900 3352300 ;
POLYGON 1867900 1155770 1867900 961770 1896900 961770 1896900 1091070 1930200 1091070 1930200 961770 2047500 961770 2047500 1155770 1982200 1155770 1982200 1091070 2018500 1091070 2018500 1026470 1985200 1026470 1985200 1060770 1959200 1060770 1959200 1155770 1867900 1155770 ;
POLYGON 4135700 1313000 4169000 1313000 4169000 1186700 4135700 1186700 4135700 1313000 ;
POLYGON 1334300 3352300 1367600 3352300 1367600 3287700 1334300 3287700 1334300 3352300 ;
POLYGON 1305300 3417000 1305300 3223000 1484900 3223000 1484900 3417000 1305300 3417000 ;
POLYGON 59300 2653000 26000 2653000 26000 2779300 59300 2779300 59300 2653000 ;
POLYGON 2933000 49590 2933000 149390 2870000 149390 2870000 49590 2933000 49590 ;
POLYGON 2242100 1026470 2208800 1026470 2208800 1091070 2242100 1091070 2242100 1026470 ;
POLYGON 2130000 48150 2130000 147950 2066000 147950 2066000 48150 2130000 48150 ;
POLYGON 3014900 1026470 3014900 1091070 3048200 1091070 3048200 1026470 3014900 1026470 ;
POLYGON 3271800 1091070 3271800 1026470 3238500 1026470 3238500 1091070 3271800 1091070 ;
POLYGON 1938000 2339925 1971300 2339925 1971300 2275325 1938000 2275325 1938000 2339925 ;
POLYGON 1684500 3287700 1651200 3287700 1651200 3352300 1684500 3352300 1684500 3287700 ;
POLYGON 3368000 149390 3368000 49590 3432000 49590 3432000 149390 3368000 149390 ;
POLYGON 191300 3352300 224600 3352300 224600 3223000 279600 3223000 279600 3352300 312900 3352300 312900 3223000 341900 3223000 341900 3417000 162300 3417000 162300 3223000 191300 3223000 191300 3352300 ;
POLYGON 3069000 149390 3069000 49590 3133000 49590 3133000 149390 3069000 149390 ;
POLYGON 2636000 49590 2636000 149390 2573000 149390 2573000 49590 2636000 49590 ;
POLYGON 1097000 684950 1066000 684950 1066000 780750 1097000 780750 1097000 880550 1066000 880550 1066000 976350 1097000 976350 1097000 1076150 1033000 1076150 1033000 585150 1064000 585150 1064000 489350 1033000 489350 1033000 389550 1064000 389550 1064000 293750 1033000 293750 1033000 193950 1097000 193950 1097000 684950 ;
POLYGON 4169000 3161300 4169000 3096700 4135700 3096700 4135700 3161300 4169000 3161300 ;
POLYGON 760100 1599300 760100 1534700 726800 1534700 726800 1599300 760100 1599300 ;
POLYGON 1422600 3352300 1455900 3352300 1455900 3287700 1422600 3287700 1422600 3352300 ;
POLYGON 59300 2298700 26000 2298700 26000 2363300 59300 2363300 59300 2298700 ;
POLYGON 3583700 1091070 3583700 1026470 3550400 1026470 3550400 1091070 3583700 1091070 ;
POLYGON 3612700 1155770 3433100 1155770 3433100 961770 3462100 961770 3462100 1091070 3495400 1091070 3495400 961770 3612700 961770 3612700 1155770 ;
POLYGON 2491500 2404625 2491500 2210625 2582800 2210625 2582800 2305625 2608800 2305625 2608800 2339925 2642100 2339925 2642100 2275325 2605800 2275325 2605800 2210625 2671100 2210625 2671100 2404625 2491500 2404625 ;
POLYGON 2601000 1026470 2567700 1026470 2567700 1091070 2601000 1091070 2601000 1026470 ;
POLYGON 2510600 3287700 2477300 3287700 2477300 3352300 2510600 3352300 2510600 3287700 ;
POLYGON 681800 3352300 681800 3223000 799100 3223000 799100 3417000 770100 3417000 770100 3287700 736800 3287700 736800 3417000 619500 3417000 619500 3223000 648500 3223000 648500 3352300 681800 3352300 ;
POLYGON 2370300 3352300 2370300 3287700 2337000 3287700 2337000 3352300 2370300 3352300 ;
POLYGON 1473000 348150 1473000 447950 1410000 447950 1410000 348150 1473000 348150 ;
POLYGON 2370300 2811715 2370300 2747115 2337000 2747115 2337000 2811715 2370300 2811715 ;
POLYGON 1083000 147950 1083000 48150 1146000 48150 1146000 147950 1083000 147950 ;
POLYGON 3268000 149390 3268000 49590 3332000 49590 3332000 149390 3268000 149390 ;
POLYGON 1301000 447950 1301000 348150 1364000 348150 1364000 447950 1301000 447950 ;
POLYGON 1192000 147950 1192000 48150 1255000 48150 1255000 147950 1192000 147950 ;
POLYGON 1582000 348150 1582000 447950 1519000 447950 1519000 348150 1582000 348150 ;
POLYGON 59300 2043000 59300 1855000 26000 1855000 26000 2043000 59300 2043000 ;
POLYGON 1847000 447950 1847000 348150 1911000 348150 1911000 447950 1847000 447950 ;
POLYGON 2276000 147950 2276000 48150 2339000 48150 2339000 147950 2276000 147950 ;
POLYGON 2672000 149390 2672000 49590 2735000 49590 2735000 149390 2672000 149390 ;
POLYGON 2520500 2275325 2520500 2339925 2553800 2339925 2553800 2275325 2520500 2275325 ;
POLYGON 1628000 447950 1628000 348150 1691000 348150 1691000 447950 1628000 447950 ;
POLYGON 2537000 49590 2537000 149390 2474000 149390 2474000 49590 2537000 49590 ;
POLYGON 3033000 49590 3033000 149390 2969000 149390 2969000 49590 3033000 49590 ;
END DATA
